10

4
4
2
170
50
37
5
12
15
2268000
44.28

0	3602	2481	662	2169	3117	363	3201	3853	3305	3695	
3602	0	2320	4229	2962	686	3755	3545	1630	1751	544	
2481	2320	0	2871	701	1635	2398	1325	1585	983	2035	
662	4229	2871	0	2421	3712	495	3351	4345	3771	4287	
2169	2962	701	2421	0	2278	1995	1085	2262	1666	2719	
3117	686	1635	3712	2278	0	3224	2878	1246	1166	578	
363	3755	2398	495	1995	3224	0	2980	3854	3283	3799	
3201	3545	1325	3351	1085	2878	2980	0	2351	1879	3165	
3853	1630	1585	4345	2262	1246	3854	2351	0	602	1098	
3305	1751	983	3771	1666	1166	3283	1879	602	0	1306	
3695	544	2035	4287	2719	578	3799	3165	1098	1306	0	


0	 CF244NP  0 	 0 	 540  	 1080  	 0  	 0 

1	 CF145EZ 	 	1 	 3 	 660  	 900  	 9  	 4 
2	 CF141EF 	 	0 	 1 	 720  	 960  	 10  	 5 
3	 CF244AY 	 1 	 8 	 600  	 840  	 9  	 4 
4	 CF143HY 	 1 	 1 	 540  	 780  	 10  	 5 
5	 CF144TS 	 	0 	 6 	 600  	 840  	 9  	 4 
6	 CF244JG 	 	1 	 5 	 720  	 960  	 10  	 5 
7	 CF142HL 	 1 	 9 	 600  	 840  	 10  	 5 
8	 CF146JP 	 	0 	 12 	 720  	 960  	 6  	 3 
9	 CF146BL 	 	1 	 6 	 660  	 900  	 9  	 4 
10	 CF145ZX 	 1 	 3 	 600  	 840  	 5  	 2 

