10

4
4
2
170
50
37
5
12
15
2268000
44.28

0	1316	2008	3266	2073	1225	1484	1426	2483	686	3227	
1316	0	3151	3208	2220	1449	1579	2480	1429	655	2108	
2008	3151	0	5007	3832	3120	3374	689	3809	2514	4509	
3266	3208	5007	0	1198	2053	1804	4596	4500	3295	5001	
2073	2220	3832	1198	0	884	664	3400	3616	2172	4217	
1225	1449	3120	2053	884	0	261	2615	2877	1296	3537	
1484	1579	3374	1804	664	261	0	2875	2996	1512	3628	
1426	2480	689	4596	3400	2615	2875	0	3132	1857	3841	
2483	1429	3809	4500	3616	2877	2996	3132	0	1832	747	
686	655	2514	3295	2172	1296	1512	1857	1832	0	2568	
3227	2108	4509	5001	4217	3537	3628	3841	747	2568	0	


0	 CF144DH	 0 	 0 	 540  	 1080  	 0  	 0 

1	 CF141QH  	1 	 9 	 540  	 780  	 7  	 3 
2	 CF244DY 	 0 	 14 	 600  	 840  	 10  	 5 
3	 CF149DE 	 1 	 1 	 600  	 840  	 7  	 3 
4	 CF145DZ 	 1 	 10 	 540  	 780  	 6  	 3 
5	 CF144HH	 0 	 1 	 600  	 840  	 6  	 3 
6	 CF143TG 	 0 	 4 	 720  	 960  	 6  	 3 
7	 CF244LN 	 1 	 6 	 540  	 780  	 8  	 4 
8	 CF142FD 	 1 	 7 	 600  	 840  	 10  	 5 
9	 CF141RG 	 1 	 9 	 600  	 840  	 10  	 5 
10	 CF52RQ 	 	1 	 8 	 660  	 900  	 9  	 4 

