10

4
4
2
170
50
37
5
12
15
2268000
44.28

0	3065	2837	2277	3549	1781	4495	4120	3309	3149	1821	
3065	0	1755	1699	3708	1285	3147	2014	708	3754	1871	
2837	1755	0	2876	1959	1662	1772	3761	2455	2067	2760	
2277	1699	2876	0	4563	1285	4577	1864	1441	4404	458	
3549	3708	1959	4563	0	3279	1875	5698	4400	553	4316	
1781	1285	1662	1285	3279	0	3422	2706	1625	3137	1100	
4495	3147	1772	4577	1875	3422	0	5091	3830	2364	4509	
4120	2014	3761	1864	5698	2706	5091	0	1307	5692	2320	
3309	708	2455	1441	4400	1625	3830	1307	0	4418	1768	
3149	3754	2067	4404	553	3137	2364	5692	4418	0	4113	
1821	1871	2760	458	4316	1100	4509	2320	1768	4113	0	


0	 CF147JL 	 0 	 0 	 540  	 1080  	 0  	 0 

1	 CF145DN  	1 	 9 	 720  	 960  	 9  	 4 
2	 CF141HX 	 0 	 4 	 600  	 840  	 9  	 4 
3	 CF146SW  	1 	 5 	 540  	 780  	 8  	 4 
4	 CF52AS 	 	1 	 8 	 540  	 780  	 6  	 3 
5	 CF146BW 	 1 	 5 	 660  	 900  	 9  	 4 
6	 CF244JE 	 	1 	 2 	 660  	 900  	 8  	 4 
7	 CF149FR 	 1 	 3 	 540  	 780  	 8  	 4 
8	 CF145EE 	 	0 	 10 	 540  	 780  	 8  	 4 
9	 CF52BP 	 	1 	 6 	 660  	 900  	 10  	 5 
10	 CF146UE 	 0 	 5 	 540  	 780  	 7  	 3 

