10

4
4
2
170
50
37
5
12
15
2268000
44.28

0	2364	2471	2908	2824	5744	2643	3126	5131	3572	1871	
2364	0	2098	2816	1451	3397	2279	2358	2794	1218	633	
2471	2098	0	4543	1003	4409	4064	670	3811	2930	1605	
2908	2816	4543	0	4209	5419	542	5006	4952	3319	3008	
2824	1451	1003	4209	0	3425	3685	956	2820	1997	1243	
5744	3397	4409	5419	3425	0	4934	4075	622	2266	3886	
2643	2279	4064	542	3685	4934	0	4502	4449	2795	2502	
3126	2358	670	5006	956	4075	4502	0	3509	2935	2000	
5131	2794	3811	4952	2820	622	4449	3509	0	1706	3269	
3572	1218	2930	3319	1997	2266	2795	2935	1706	0	1812	
1871	633	1605	3008	1243	3886	2502	2000	3269	1812	0	


0	 CF52AL 	 0 	 0 	 540  	 1080  	 0  	 0 

1	 CF141EJ 	 	1 	 5 	 660  	 900  	 8  	 4 
2	 CF142HF 	 0 	 7 	 540  	 780  	 10  	 5 
3	 CF244BP 	 1 	 5 	 600  	 840  	 8  	 4 
4	 CF142AB 	 0 	 7 	 540  	 780  	 7  	 3 
5	 CF149HG 	 1 	 1 	 720  	 960  	 6  	 3 
6	 CF244HB 	 0 	 10 	 720  	 960  	 5  	 2 
7	 CF142TT 	 	1 	 2 	 660  	 900  	 10  	 5 
8	 CF145AF 	 0 	 16 	 540  	 780  	 5  	 2 
9	 CF144LD 	 1 	 1 	 720  	 960  	 7  	 3 
10	 CF141LA 	 1 	 3 	 660  	 900  	 10  	 5 
