10

4
4
2
170
50
37
5
12
15
2268000
44.28

0	5022	704	1198	4598	2003	3657	3061	5456	1451	1046	
5022	0	4320	4444	428	6123	5713	3122	1645	4698	6013	
704	4320	0	949	3895	2354	3578	2504	4802	1332	1715	
1198	4444	949	0	4017	1731	2629	1966	5220	407	1778	
4598	428	3895	4017	0	5701	5352	2749	1798	4275	5586	
2003	6123	2354	1731	5701	0	2276	3296	6951	1426	1470	
3657	5713	3578	2629	5352	2276	0	2607	6983	2257	3605	
3061	3122	2504	1966	2749	3296	2607	0	4391	2002	3741	
5456	1645	4802	5220	1798	6951	6983	4391	0	5554	6501	
1451	4698	1332	407	4275	1426	2257	2002	5554	0	1798	
1046	6013	1715	1778	5586	1470	3605	3741	6501	1798	0	


0	 CF142FB 	 0 	 0 	 540  	 1080  	 0  	 0 

1	 CF149JG 		 0 	 5 	 660  	 900  	 10  	 5 
2	 CF141PD 	 1 	 5 	 660  	 900  	 5  	 2 
3	 CF141JU 	 	1 	 2 	 540  	 780  	 8  	 4 
4	 CF149HY 	 0 	 2 	 540  	 780  	 5  	 2 
5	 CF52AS 	 	1 	 2 	 660  	 900  	 5  	 2 
6	 CF244EW  	1 	 3 	 540  	 780  	 10  	 5 
7	 CF144NA  	0 	 10 	 720  	 960  	 10  	 5 
8	 CF831NB  	0 	 10 	 720  	 960  	 10  	 5 
9	 CF142RZ 	 1 	 6 	 720  	 960  	 8  	 4 
10	 CF52NS 	 	1 	 7 	 600  	 840  	 5  	 2 

