10

4
4
2
170
50
37
5
12
15
2268000
44.28

0	1022	4029	4981	1181	4525	3421	3968	1028	2692	3537	
1022	0	3271	4052	575	3577	2870	3112	1003	1704	2906	
4029	3271	0	4513	2864	4059	5136	567	4253	3022	724	
4981	4052	4513	0	4340	508	2522	3953	4200	2384	4857	
1181	575	2864	4340	0	3846	3399	2787	1534	1957	2423	
4525	3577	4059	508	3846	0	2344	3505	3784	1892	4374	
3421	2870	5136	2522	3399	2344	0	4702	2410	2114	5123	
3968	3112	567	3953	2787	3505	4702	0	4054	2597	1137	
1028	1003	4253	4200	1534	3784	2410	4054	0	2127	3908	
2692	1704	3022	2384	1957	1892	2114	2597	2127	0	3048	
3537	2906	724	4857	2423	4374	5123	1137	3908	3048	0	


0	 CF147JN 	 0 	 0 	 540  	 1080  	 0  	 0 

1	 CF141BT 	 0 	 3 	 660  	 900  	 9  	 4 
2	 CF145AQ  	0 	 5 	 600  	 840  	 8  	 4 
3	 CF244NT 	 1 	 8 	 600  	 840  	 5  	 2 
4	 CF141BR 	 0 	 13 	 540  	 780  	 9  	 4 
5	 CF244QZ  	1 	 9 	 600  	 840  	 8  	 4 
6	 CF52AA 	 	1 	 6 	 540  	 780  	 10  	 5 
7	 CF145NH  	1 	 2 	 540  	 780  	 5  	 2 
8	 CF142FP 	 	1 	 5 	 600  	 840  	 7  	 3 
9	 CF144AB 	 0 	 24 	 540  	 780  	 6  	 3 
10	 CF149AR 	 1 	 6 	 540  	 780  	 10  	 5 
