10

4
4
2
170
50
37
5
12
15
2268000
44.28

0	4881	2570	2399	5514	4673	4077	3828	2018	4645	802	
4881	0	2910	3695	3337	4145	4629	5581	2867	279	4570	
2570	2910	0	806	2990	2499	2359	2925	1160	2632	1956	
2399	3695	806	0	3183	2287	1850	2180	1697	3416	1641	
5514	3337	2990	3183	0	1537	2482	3691	3998	3168	4806	
4673	4145	2499	2287	1537	0	971	2169	3657	3907	3890	
4077	4629	2359	1850	2482	971	0	1210	3477	4367	3276	
3828	5581	2925	2180	3691	2169	1210	0	3861	5308	3065	
2018	2867	1160	1697	3998	3657	3477	3861	0	2627	1757	
4645	279	2632	3416	3168	3907	4367	5308	2627	0	4313	
802	4570	1956	1641	4806	3890	3276	3065	1757	4313	0	


0	 CF244AH  0 	 0 	 540  	 1080  	 0  	 0 

1	 CF140TY 	 	1 	 2 	 540  	 780  	 10  	 5 
2	 CF144AU  	0 	 10 	 660  	 900  	 9  	 4 
3	 CF141EL 	 	1 	 5 	 720  	 960  	 9  	 4 
4	 CF147TS 	 	1 	 3 	 600  	 840  	 9  	 4 
5	 CF147XB 	 0 	 3 	 720  	 960  	 5  	 2 
6	 CF142FQ 	 0 	 7 	 600  	 840  	 10  	 5 
7	 CF52PN 	 	0 	 14 	 720  	 960  	 8  	 4 
8	 CF143RD 	 1 	 3 	 720  	 960  	 8  	 4 
9	 CF140RA 	 1 	 4 	 720  	 960  	 6  	 3 
10	 CF103HA  	1 	 8 	 720  	 960  	 5  	 2 
