10

4
4
2
170
50
37
5
12
15
2268000
44.28

0	1151	2827	5040	3159	2787	2256	4211	3540	3183	2952	
1151	0	3934	5883	3357	3938	3397	4967	4689	3438	3994	
2827	3934	0	2876	3498	861	711	2523	1467	3378	547	
5040	5883	2876	0	3482	3686	3538	1021	3968	3306	2398	
3159	3357	3498	3482	0	4172	3579	2469	4932	176	3093	
2787	3938	861	3686	4172	0	636	3384	817	4072	1408	
2256	3397	711	3538	3579	636	0	3072	1452	3488	1142	
4211	4967	2523	1021	2469	3384	3072	0	3860	2292	1980	
3540	4689	1467	3968	4932	817	1452	3860	0	4822	1978	
3183	3438	3378	3306	176	4072	3488	2292	4822	0	2959	
2952	3994	547	2398	3093	1408	1142	1980	1978	2959	0	


0	 CF244QY  0 	 0 	 540  	 1080  	 0  	 0 

1	 CF244AP 	 1 	 3 	 660  	 900  	 10  	 5 
2	 CF144XP 	 0 	 2 	 720  	 960  	 7  	 3 
3	 CF147EH 	 0 	 4 	 600  	 840  	 7  	 3 
4	 CF52LS 	 	1 	 4 	 720  	 960  	 6  	 3 
5	 CF145PR 	 1 	 3 	 540  	 780  	 6  	 3 
6	 CF144HF 	 1 	 4 	 600  	 840  	 8  	 4 
7	 CF142TZ 	 	1 	 5 	 600  	 840  	 8  	 4 
8	 CF140RE 	 0 	 10 	 660  	 900  	 6  	 3 
9	 CF52DR 	 	1 	 5 	 600  	 840  	 10  	 5 
10	 CF144SE 	 	0 	 10 	 540  	 780  	 7  	 3 

