10

4
4
2
170
50
37
5
12
15
2268000
44.28

0	2899	1689	2393	1771	2823	2126	3879	3821	3310	2312	
2899	0	1254	4362	1265	2444	3400	1537	1123	1291	3001	
1689	1254	0	3539	200	2434	2765	2253	2135	2064	2559	
2393	4362	3539	0	3709	2638	1087	5741	5472	4012	1664	
1771	1265	200	3709	0	2627	2956	2124	2056	2185	2758	
2823	2444	2434	2638	2627	0	1559	3981	3509	1547	975	
2126	3400	2765	1087	2956	1559	0	4853	4522	2937	585	
3879	1537	2253	5741	2124	3981	4853	0	625	2695	4503	
3821	1123	2135	5472	2056	3509	4522	625	0	2133	4121	
3310	1291	2064	4012	2185	1547	2937	2695	2133	0	2401	
2312	3001	2559	1664	2758	975	585	4503	4121	2401	0	


0	 CF145LR 	 0 	 0 	 540  	 1080  	 0  	 0 

1	 CF142PS 	 1 	 6 	 600  	 840  	 7  	 3 
2	 CF144AD  	0 	 6 	 600  	 840  	 7  	 3 
3	 CF149EJ 	 	1 	 7 	 600  	 840  	 8  	 4 
4	 CF144AL 	 0 	 10 	 600  	 840  	 9  	 4 
5	 CF146HR 	 1 	 9 	 660  	 900  	 6  	 3 
6	 CF145HP 	 1 	 1 	 540  	 780  	 10  	 5 
7	 CF52YD 	 	0 	 1 	 600  	 840  	 6  	 3 
8	 CF52DZ 	 	1 	 9 	 600  	 840  	 10  	 5 
9	 CF142BT 	 1 	 2 	 720  	 960  	 6  	 3 
10	 CF146RJ 	 	0 	 22 	 720  	 960  	 7  	 3 

