10

4
4
2
170
50
37
5
12
15
2268000
44.28

0	2483	1208	2201	1645	1965	976	1208	2102	2446	695	
2483	0	1392	3828	3933	4063	3040	1392	618	4662	2881	
1208	1392	0	2527	2542	2679	1648	0	1231	3608	1495	
2201	3828	2527	0	1254	831	1236	2527	3758	3772	1518	
1645	3933	2542	1254	0	500	906	2542	3667	2546	1059	
1965	4063	2679	831	500	0	1058	2679	3866	3038	1297	
976	3040	1648	1236	906	1058	0	1648	2812	2815	283	
1208	1392	0	2527	2542	2679	1648	0	1231	3608	1495	
2102	618	1231	3758	3667	3866	2812	1231	0	4122	2610	
2446	4662	3608	3772	2546	3038	2815	3608	4122	0	2649	
695	2881	1495	1518	1059	1297	283	1495	2610	2649	0	


0	 CF144EE 	 0 	 0 	 540  	 1080  	 0  	 0 

1	 CF145AP 	 0 	 10 	 540  	 780  	 6  	 3 
2	 CF146ZB 	 1 	 2 	 600  	 840  	 10  	 5 
3	 CF141ND  	1 	 7 	 720  	 960  	 7  	 3 
4	 CF142SP 	 0 	 5 	 720  	 960  	 7  	 3 
5	 CF142PH 	 0 	 2 	 660  	 900  	 8  	 4 
6	 CF141EB 	 1 	 9 	 660  	 900  	 9  	 4 
7	 CF148JL 	 	0 	 10 	 660  	 900  	 10  	 5 
8	 CF140NQ  	1 	 4 	 720  	 960  	 8  	 4 
9	 CF244BU 	 1 	 6 	 540  	 780  	 7  	 3 
10	 CF144AA 	 1 	 6 	 540  	 780  	 5  	 2 

