10

4
4
2
170
50
37
5
12
15
2268000
44.28

0	4261	4581	835	1264	2242	5257	2107	3179	1654	3665	
4261	0	455	4786	3044	2982	1488	2486	1210	3437	1702	
4581	455	0	5148	3397	3114	1039	2694	1634	3626	2150	
835	4786	5148	0	1751	3060	5906	2853	3628	2486	3918	
1264	3044	3397	1751	0	1836	4167	1341	1923	1567	2429	
2242	2982	3114	3060	1836	0	3447	682	2446	651	3389	
5257	1488	1039	5906	4167	3447	0	3209	2593	4049	3188	
2107	2486	2694	2853	1341	682	3209	0	1798	954	2716	
3179	1210	1634	3628	1923	2446	2593	1798	0	2708	1005	
1654	3437	3626	2486	1567	651	4049	954	2708	0	3558	
3665	1702	2150	3918	2429	3389	3188	2716	1005	3558	0	


0	 CF52QL 	 0 	 0 	 540  	 1080  	 0  	 0 

1	 CF145YN  	0 	 8 	 660  	 900  	 6  	 3 
2	 CF145AH  	1 	 1 	 660  	 900  	 7  	 3 
3	 CF52NR 	 	0 	 2 	 540  	 780  	 6  	 3 
4	 CF141NQ	 1 	 7 	 540  	 780  	 8  	 4 
5	 CF147EY 	 	0 	 10 	 540  	 780  	 10  	 5 
6	 CF149EY 	 	1 	 5 	 660  	 900  	 5  	 2 
7	 CF141BL 		 1 	 6 	 720  	 960  	 9  	 4 
8	 CF144UZ 	 0 	 10 	 600  	 840  	 10  	 5 
9	 CF147BF 	 1 	 5 	 600  	 840  	 5  	 2 
10	 CF144EJ 	 	1 	 6 	 600  	 840  	 10  	 5 

