10

4
4
2
170
50
37
5
12
15
2268000
44.28

0	2715	4129	157	2472	2264	2223	2379	4602	2010	327	
2715	0	3124	2575	780	578	1346	3214	3443	3719	2419	
4129	3124	0	4092	2447	2833	4289	2342	480	5978	3837	
157	2575	4092	0	2358	2136	2067	2422	4561	1980	255	
2472	780	2447	2358	0	393	1848	2481	2814	3873	2148	
2264	578	2833	2136	393	0	1457	2651	3206	3528	1950	
2223	1346	4289	2067	1848	1457	0	3712	4662	2532	2043	
2379	3214	2342	2422	2481	2651	3712	0	2800	4389	2206	
4602	3443	480	4561	2814	3206	4662	2800	0	6432	4307	
2010	3719	5978	1980	3873	3528	2532	4389	6432	0	2219	
327	2419	3837	255	2148	1950	2043	2206	4307	2219	0	


0	 CF143HB 	 0 	 0 	 540  	 1080  	 0  	 0 

1	 CF147BX 	 1 	 3 	 660  	 900  	 9  	 4 
2	 CF149EA 	 1 	 8 	 600  	 840  	 7  	 3 
3	 CF143HY 	 1 	 8 	 540  	 780  	 7  	 3 
4	 CF146EG 	 1 	 5 	 540  	 780  	 6  	 3 
5	 CF141BJ 	 	 1	 3 	 660  	 900  	 10  	 5 
6	 CF142HB 	 1 	 4 	 720  	 960  	 5  	 2 
7	 CF145QJ 	 0 	 10 	 720  	 960  	 6  	 3 
8	 CF149EY 	 	1 	 7 	 720  	 960  	 7  	 3 
9	 CF51DP 	 	0 	 7 	 540  	 780  	 9  	 4 
10	 CF141JR 	 	0 	 3 	 600  	 840  	 10  	 5 
