10

4
4
2
170
50
37
5
12
15
2268000
44.28

0	5105	1597	4041	4987	4332	2103	1992	1426	2376	6326	
5105	0	3599	2010	256	1036	3545	4359	3691	2742	1224	
1597	3599	0	2457	3455	2956	1618	1310	616	875	4822	
4041	2010	2457	0	1762	2189	3319	2683	2863	1904	3018	
4987	256	3455	1762	0	1105	3510	4162	3585	2613	1381	
4332	1036	2956	2189	1105	0	2584	3950	2907	2084	2110	
2103	3545	1618	3319	3510	2584	0	2911	1053	1477	4692	
1992	4359	1310	2683	4162	3950	2911	0	1865	1969	5535	
1426	3691	616	2863	3585	2907	1053	1865	0	1013	4908	
2376	2742	875	1904	2613	2084	1477	1969	1013	0	3966	
6326	1224	4822	3018	1381	2110	4692	5535	4908	3966	0	


0	 CF52HB 	 0 	 0 	 540  	 1080  	 0  	 0 

1	 CF145HR 	 0 	 10 	 720  	 960  	 9  	 4 
2	 CF142LR 	 	0 	 9 	 720  	 960  	 6  	 3 
3	 CF147TN 	 0 	 8 	 720  	 960  	 9  	 4 
4	 CF145HN  	0 	 21 	 540  	 780  	 9  	 4 
5	 CF145FH 	 0 	 25 	 600  	 840  	 7  	 3 
6	 CF143HP 	 1 	 7 	 720  	 960  	 6  	 3 
7	 CF52DF 	 	1 	 4 	 600  	 840  	 10  	 5 
8	 CF142PG 	 0 	 10 	 660  	 900  	 9  	 4 
9	 CF141DB 	 0 	 10 	 540  	 780  	 7  	 3 
10	 CF149JE 	 	1 	 2 	 660  	 900  	 10  	 5 
