10

4
4
2
170
50
37
5
12
15
2268000
44.28

0	574	1006	1074	612	1682	2934	1562	1240	1562	856	
574	0	1576	946	374	2182	2474	1277	753	1768	1375	
1006	1576	0	1861	1573	888	3871	2253	2225	1813	664	
1074	946	1861	0	580	2680	2054	2204	759	1009	1326	
612	374	1573	580	0	2294	2324	1649	656	1415	1218	
1682	2182	888	2680	2294	0	4616	2403	2911	2699	1551	
2934	2474	3871	2054	2324	4616	0	3170	1721	2766	3379	
1562	1277	2253	2204	1649	2403	3170	0	1718	3031	2390	
1240	753	2225	759	656	2911	1721	1718	0	1768	1855	
1562	1768	1813	1009	1415	2699	2766	3031	1768	0	1150	
856	1375	664	1326	1218	1551	3379	2390	1855	1150	0	


0	 CF141SW  0 	 0 	 540  	 1080  	 0  	 0 

1	 CF144QJ	 1 	 4 	 720  	 960  	 7  	 3 
2	 CF142XJ 	 1 	 9 	 660  	 900  	 7  	 3 
3	 CF146LW  1 	 8 	 540  	 780  	 6  	 3 
4	 CF144SJ 	 1 	 1 	 600  	 840  	 9  	 4 
5	 CF142LS 	 0 	 10 	 540  	 780  	 8  	 4 
6	 CF140SE 	 1 	 7 	 600  	 840  	 5  	 2 
7	 CF144XY  0 	 4 	 540  	 780  	 8  	 4 
8	 CF148NR  1 	 8 	 600  	 840  	 7  	 3 
9	 CF146SD  1 	 8 	 660  	 900  	 9  	 4 
10	 CF141BG  0 	 9 	 600  	 840  	 8  	 4 

