10

4
4
2
170
50
37
5
12
15
2268000
44.28

0	853	2976	4596	3190	2841	3677	2323	3922	1930	4118	
853	0	3794	5263	3618	3323	4341	3001	4765	2721	4733	
2976	3794	0	2195	2499	2172	1560	1301	1934	1095	2107	
4596	5263	2195	0	2151	2182	922	2274	3762	2782	670	
3190	3618	2499	2151	0	404	1470	1387	4428	2111	1483	
2841	3323	2172	2182	404	0	1376	996	4087	1712	1541	
3677	4341	1560	922	1470	1376	0	1354	3391	1909	556	
2323	3001	1301	2274	1387	996	1354	0	3145	739	1812	
3922	4765	1934	3762	4428	4087	3391	3145	0	2629	3894	
1930	2721	1095	2782	2111	1712	1909	739	2629	0	2429	
4118	4733	2107	670	1483	1541	556	1812	3894	2429	0	


0	 CF145AH  0 	 0 	 540  	 1080  	 0  	 0 

1	 CF149FD 	 0 	 11 	 720  	 960  	 9  	 4 
2	 CF141DF 	 1 	 6 	 660  	 900  	 7  	 3 
3	 CF52PB 	 	1 	 4 	 600  	 840  	 8  	 4 
4	 CF147BS 	 1 	 7 	 720  	 960  	 7  	 3 
5	 CF147BU 	 0 	 24 	 720  	 960  	 7  	 3 
6	 CF141NA  	1 	 4 	 600  	 840  	 9  	 4 
7	 CF146BZ 	 1 	 6 	 600  	 840  	 7  	 3 
8	 CF244QG  	1 	 8 	 660  	 900  	 6  	 3 
9	 CF144SG 	 0 	 4 	 600  	 840  	 6  	 3 
10	 CF142FS 	 	0 	 8 	 720  	 960  	 7  	 3 

